{"metadata": {"take_name": "iiith_cooking_108_5", "take_uid": "51ef0477-cb8f-4930-90a0-1cfed839a453"}, "cam01": {"camera_intrinsics": [[1217.7028317229244, 0.0, 1920.0], [0.0, 1217.7028317229244, 1080.0], [0.0, 0.0, 1.0]], "camera_extrinsics": [[-0.7044618353708122, -0.7077065984854393, 0.0536991139478488, 1.420308838872843], [-0.15207415765330815, 0.07660789235770303, -0.9853953410393789, -0.15619015190346452], [0.6932572934723815, -0.7023403007291024, -0.16159066292752766, 0.6806622436806236]], "distortion_coeffs": [0.036902, 0.057131, -0.057154, 0.018458]}, "cam02": {"camera_intrinsics": [[1221.0591250459743, 0.0, 1920.0], [0.0, 1221.0591250459743, 1080.0], [0.0, 0.0, 1.0]], "camera_extrinsics": [[0.7193199876260756, 0.6946724232362573, -0.00303831380233075, -1.331606414573327], [0.051236317154710616, -0.057415475039503346, -0.9970352304300638, 0.005093486306759487], [-0.6927870139950064, 0.7170318230799626, -0.07689267243952941, 0.7940552151828397]], "distortion_coeffs": [0.036902, 0.057131, -0.057154, 0.018458]}, "cam03": {"camera_intrinsics": [[1217.2321754755117, 0.0, 1920.0], [0.0, 1217.2321754755117, 1080.0], [0.0, 0.0, 1.0]], "camera_extrinsics": [[0.45087772760578415, -0.8925497971622753, -0.008013650146147699, 0.33255863559351073], [-0.041555796640772795, -0.012022305141422688, -0.9990639294976529, 0.08376031601489353], [0.891617897290445, 0.4507887299426656, -0.04251124727338581, 0.9209130342455747]], "distortion_coeffs": [0.036902, 0.057131, -0.057154, 0.018458]}, "cam04": {"camera_intrinsics": [[1237.9789006651501, 0.0, 1920.0], [0.0, 1237.9789006651501, 1080.0], [0.0, 0.0, 1.0]], "camera_extrinsics": [[0.9856167020496058, -0.16158046634332618, -0.049512465482660695, -0.11398547571884295], [-0.06386544685213856, -0.08487777824095655, -0.9943430375394184, 0.022534642079171305], [0.15646384898843277, 0.9832032467913305, -0.0939763672534697, 1.2124290842570409]], "distortion_coeffs": [0.036902, 0.057131, -0.057154, 0.018458]}, "aria01": {"camera_intrinsics": [[150.0, 0.0, 255.5], [0.0, 150.0, 255.5], [0.0, 0.0, 1.0]], "camera_extrinsics": {"0": [[-0.23212554450084014, 0.3476876979016594, -0.9084222562010156, 0.1943642029351153], [0.7398215256733616, 0.6694410943412614, 0.06717686396226505, -0.6595916253689996], [0.63149175842054, -0.656476873857025, -0.4126212216753834, -0.2724946845553232]], "1": [[-0.23029407634000373, 0.3560551238337676, -0.9056430779688919, 0.19427288882221572], [0.7508584888647238, 0.6570177696051704, 0.0673734300744403, -0.6575468190036704], [0.6190122498572052, -0.6644940926144478, -0.41865431268767933, -0.2694458693536395]], "2": [[-0.22677036679085244, 0.3640412391518751, -0.903354401829005, 0.19319589056455763], [0.7611602141796107, 0.6449029940079019, 0.06881319624008835, -0.655453176318326], [0.6076267994285673, -0.6719926371980952, -0.423338596096196, -0.2670970091502952]], "3": [[-0.22070164142857024, 0.36969915377258755, -0.9025593167851008, 0.1913882454373021], [0.7706010497501198, 0.6333512764779368, 0.07099424158417535, -0.6531095974231673], [0.5978836063147625, -0.6798446118380339, -0.42467222232584645, -0.2662419984483146]], "4": [[-0.21556706745837098, 0.3759022956749955, -0.9012370953789832, 0.19000935835278027], [0.7788605220746643, 0.6228752732081146, 0.07350292879953012, -0.6503343207511283], [0.5889882214990315, -0.6860931846783936, -0.4270468543230041, -0.26617087188546196]], "5": [[-0.21002678577327977, 0.3820101001943143, -0.8999761287247403, 0.18826583725972632], [0.7854833502796639, 0.6140326948103786, 0.07732888198115985, -0.6476115482230217], [0.5821551814951837, -0.6906751284331845, -0.42902588659779195, -0.2674796825155912]], "6": [[-0.20251139672163201, 0.38547778224361523, -0.9002199793491703, 0.18591402140843677], [0.7909946859398513, 0.6063437662149579, 0.08169848780862268, -0.6449520056410195], [0.5773357242683851, -0.6955243464029763, -0.42770240032997164, -0.2705720101775978]], "7": [[-0.19654943322652388, 0.38797473910052316, -0.9004687229490035, 0.18446415466166668], [0.794745919788377, 0.6008998473501905, 0.08543006453583883, -0.6418945698072136], [0.5742362250081645, -0.6988526133682614, -0.4264478653202908, -0.2752947114991465]], "8": [[-0.19212425380570602, 0.3911309140085177, -0.9000582633541302, 0.1835433589569459], [0.7966823112877952, 0.5977075046268928, 0.08968295812556866, -0.6388488010128799], [0.5730493557390821, -0.699830227209548, -0.4264411889357968, -0.2812120507996039]], "9": [[-0.18937376313120652, 0.3946428352225546, -0.8991076740919597, 0.18336993318171826], [0.7978062457329367, 0.5956349898220845, 0.09340317331461058, -0.6359178764150829], [0.5724008833228509, -0.699625608062882, -0.42764615826270147, -0.2873940177331056]], "10": [[-0.18753000369249634, 0.39587469227982547, -0.898952572545374, 0.18416142755054596], [0.7974059211310653, 0.5957567310016569, 0.09600893349813278, -0.6325926055728328], [0.5735645532308105, -0.6988255473265207, -0.42739508558222916, -0.2952281064091712]], "11": [[-0.18696167286649912, 0.3968538521715263, -0.8986391665171909, 0.18568273690125056], [0.7955688370695547, 0.5978054531316728, 0.09848281625352286, -0.6292009697572362], [0.5762946789596319, -0.6965168053572163, -0.427491265247862, -0.3038771239547547]], "12": [[-0.18789830969774377, 0.3982610059461417, -0.8978209146126541, 0.18786255950267738], [0.7925661714772934, 0.6013811187700453, 0.10089406857990994, -0.6257310228413958], [0.5801147191002406, -0.6926246610050403, -0.42864669646467474, -0.31308902090440693]], "13": [[-0.18880306499459187, 0.3972951885736237, -0.8980589832321983, 0.19022690601420608], [0.7889710772700422, 0.6058767197172367, 0.10216672865373032, -0.6221346159543496], [0.5847033808189991, -0.6892531709993528, -0.4278457945813051, -0.3230557257759795]], "14": [[-0.18929470706755902, 0.39277625587185433, -0.8999412914749958, 0.19258332153338323], [0.7842694380306178, 0.6119578404041904, 0.10212272401750645, -0.6181761391358283], [0.5908375105906117, -0.6864651589623646, -0.42388279357061426, -0.3341950445224235]], "15": [[-0.18783212499850133, 0.38781571780937946, -0.9023957335223185, 0.19372996653938665], [0.7786134293402008, 0.6188442612016082, 0.10388891746057739, -0.6140463746743168], [0.5987321758623694, -0.6831037617328877, -0.4181973586655776, -0.34684560733026437]], "16": [[-0.18707434057046335, 0.3818463116171818, -0.9050947933764635, 0.1953154145073082], [0.7712765278142286, 0.6277116243083519, 0.10540699301104614, -0.6089206052469107], [0.6083877943515856, -0.6783594261098755, -0.4119378355787563, -0.36118472825021253]], "17": [[-0.18583770659500817, 0.3764780350586102, -0.9075949740632113, 0.19646766124979792], [0.7636702278749995, 0.6365626568856934, 0.10768364475185291, -0.6036430633991704], [0.618281595174465, -0.6730915784833514, -0.4058024110556661, -0.3757144351006745]], "18": [[-0.18611292950797, 0.37166127396423904, -0.909521782219172, 0.1983374374729999], [0.7561993552503233, 0.6452128898245659, 0.10891676112064337, -0.5981463093550392], [0.6273153193552998, -0.6675089693214006, -0.4011324768982142, -0.38952952069958546]], "19": [[-0.1859034124216994, 0.3666212441890224, -0.9116078019556207, 0.1998778129800544], [0.7496244256170562, 0.6527201372947058, 0.10963413199994977, -0.5928879064044574], [0.6352189715338807, -0.662982115656539, -0.3961711404728426, -0.40266809602497855]], "20": [[-0.18613703351795965, 0.36344349343922755, -0.9128317654837537, 0.2011026312427363], [0.7444206896984737, 0.6585218194247509, 0.11039406773060433, -0.5883357403003616], [0.6412416406932735, -0.6589824280117302, -0.3931301540193455, -0.4137996977173355]], "21": [[-0.18647695164116201, 0.3592430362631766, -0.9144237452860441, 0.2023479353481882], [0.7405527861613763, 0.6630238269403298, 0.10945764126503627, -0.584221365527136], [0.645606626277343, -0.6567677258732544, -0.38967709357315716, -0.42337846025030107]], "22": [[-0.18831626811649488, 0.3571427040643435, -0.9148694282375974, 0.20413795767871085], [0.7384908933807676, 0.6655872497918851, 0.10781842495112376, -0.5809179483511582], [0.6474319903482209, -0.6553187787601118, -0.38908754161926884, -0.43043489474873087]], "23": [[-0.18849582785628002, 0.35425947197258884, -0.9159528102306195, 0.20485379287722258], [0.7370466024511868, 0.6674057062222962, 0.10645153631952119, -0.5781498742610568], [0.6490235973487395, -0.6550342356421617, -0.3869089312769731, -0.4367208715385402]], "24": [[-0.18839096506792785, 0.3536467914951881, -0.9162111065864317, 0.2051789288820394], [0.7366438843380257, 0.6678708241392107, 0.10632191780157568, -0.5762973513024754], [0.6495110720095743, -0.654891219329019, -0.38633257524933706, -0.44137188731101284]], "25": [[-0.18806718112065715, 0.3547467650402262, -0.9158523177859015, 0.20532748357549335], [0.7368561950239892, 0.6674904908712658, 0.10723522004115509, -0.5750980517907113], [0.6493640605635229, -0.6546840285868821, -0.3869304065303153, -0.44490131443205794]], "26": [[-0.1899756041812138, 0.3563913447950444, -0.914819369937656, 0.20691656474205378], [0.7378124740245751, 0.6665580319287931, 0.10645723752547631, -0.5744204943383922], [0.6477206368876586, -0.654740864344912, -0.3895797446476212, -0.4462617986610848]], "27": [[-0.19206737308066488, 0.35761383597907437, -0.9139050665559526, 0.2088602673577475], [0.7411770774491914, 0.6632420323803733, 0.10376197385797901, -0.5751663736176736], [0.6432469714779905, -0.6574361952946901, -0.3924423326158856, -0.4446593608741962]], "28": [[-0.19244194713696477, 0.36145120766343586, -0.912315253144839, 0.2095008969452841], [0.7469025733531525, 0.6569501985085618, 0.10272771027946985, -0.5776918081791308], [0.6364767415591847, -0.6616414898904942, -0.39639361252842753, -0.4406968043885606]], "29": [[-0.19250609878070457, 0.3672089021129893, -0.9099994641420683, 0.20982975687921973], [0.7516890185498497, 0.6512981080888338, 0.10379977860044966, -0.5801409669701388], [0.6307971321652939, -0.6640545133001, -0.4014057571461635, -0.4363993328959781]], "30": [[-0.1928805606171925, 0.3699940505647917, -0.9087912263724786, 0.21070199929690459], [0.7541889123278862, 0.6483844287983194, 0.10390725446388738, -0.5814189260236116], [0.6276911463153606, -0.6653585763277345, -0.40410616264940535, -0.4331448117077056]], "31": [[-0.19768643312552447, 0.37245026466778425, -0.9067529291776413, 0.2143620844999805], [0.7560261772752879, 0.6467300697704904, 0.10081982025492368, -0.5821616076512032], [0.6239747538969819, -0.6655982400866405, -0.4094319105080396, -0.4281500360306394]], "32": [[-0.20652253829808037, 0.37170372142185293, -0.9050882748891607, 0.2204864432077577], [0.7563665583429101, 0.6474584340874019, 0.09331240986265857, -0.581514927112497], [0.6206916072511841, -0.6653073873331583, -0.4148590237261303, -0.422190231267539]], "33": [[-0.2115528514338233, 0.37157349508266346, -0.9039792738382124, 0.22381357160576043], [0.7564636869462221, 0.647912225750083, 0.08928850724761382, -0.5811502545721412], [0.6188764659054029, -0.6649382568484126, -0.4181495349333635, -0.41688125477768917]], "34": [[-0.2157094001237138, 0.37314979672367565, -0.9023462108173347, 0.22621482968829687], [0.7570645819709048, 0.6475480194241996, 0.0868031184835129, -0.5813568467984227], [0.6167030676985732, -0.6644101081084977, -0.4221806896828193, -0.4106719958918331]], "35": [[-0.21695990124181447, 0.3787441991562732, -0.8997117501060319, 0.22600802286046281], [0.7594089207791044, 0.644603850246709, 0.08822679560804045, -0.5832421789947623], [0.6133730453269842, -0.6641074520524317, -0.4274749112102642, -0.4033264516775604]], "36": [[-0.2157374938203536, 0.38385496017971626, -0.8978377935933493, 0.22443530574712495], [0.7619474481495825, 0.6412064247185855, 0.09105167369649309, -0.5855807495517887], [0.6106499982243193, -0.664461955614525, -0.4308095744501459, -0.39682243571466586]], "37": [[-0.21442746394657275, 0.3853227843084442, -0.8975228207995452, 0.22291706733241273], [0.7641972852551482, 0.6384555715085857, 0.09152590948146537, -0.5876667265266795], [0.6082954636828001, -0.6662588348884735, -0.4313650347776753, -0.3912685640066065]], "38": [[-0.2130299337146302, 0.38112316720835143, -0.8996462531038368, 0.22203483773541946], [0.7658084119825581, 0.6369502950484243, 0.08849744971727157, -0.5891048083679167], [0.6067583749199272, -0.6701040614318335, -0.4275568065313885, -0.38723603074336055]], "39": [[-0.21504747254045567, 0.3739382590755307, -0.9021777888562771, 0.22396070543786042], [0.7658939575734784, 0.6377457096495808, 0.0817731953055702, -0.5891408468385579], [0.605938140445865, -0.6733873983168128, -0.4235426561211296, -0.3843471565157799]], "40": [[-0.22003599376257324, 0.3656239795126257, -0.904380045095417, 0.22761401024217767], [0.7628880536151281, 0.6422760473547232, 0.07404928213104173, -0.5870937204330134], [0.6079358337551558, -0.6736472255962501, -0.42025401445975574, -0.38402861170285585]], "41": [[-0.2285475515279358, 0.3559083012605719, -0.9061430884388888, 0.23360273174870627], [0.7589245588356033, 0.648109846516034, 0.06314380727701667, -0.5836430551866223], [0.6097536630324569, -0.6732628817195272, -0.41823146908506165, -0.3840570933817159]], "42": [[-0.23914868920594703, 0.34838295460909996, -0.906331739650528, 0.2404738009668875], [0.7562889919851765, 0.652234840584423, 0.05115343305930026, -0.5802126688853058], [0.6089621219756483, -0.6732154407758155, -0.4194593007283449, -0.38257065625188974]], "43": [[-0.2513002239732857, 0.34144998189412373, -0.9056821227360747, 0.24799357686569706], [0.7525143030974202, 0.6574170836639234, 0.03905127146420086, -0.5756133748527748], [0.6087449558059592, -0.6717251580642096, -0.42215505553348787, -0.3816518644711394]], "44": [[-0.26097988142260786, 0.3346987366535909, -0.9054646641934249, 0.25385948668166275], [0.7460171173500882, 0.6652109683658793, 0.030867921410606486, -0.569665075444677], [0.6126564804834791, -0.6674362316187447, -0.4232976663261384, -0.383843588732318]], "45": [[-0.2672674190282471, 0.3291366686357094, -0.9056694655052853, 0.25750034481994444], [0.7382058806474967, 0.6740306361277264, 0.027106818519513437, -0.5633641347930372], [0.6193708139655978, -0.6613257555395521, -0.42311705277345724, -0.38841879304222304]], "46": [[-0.27265715219688574, 0.3261834487025523, -0.9051311717763905, 0.26055163159631617], [0.7323634262970917, 0.6804691394370068, 0.024608195756571277, -0.5581660276788268], [0.6239406159751567, -0.6561753638690278, -0.42441960574277926, -0.3915588875260086]], "47": [[-0.2772218151156069, 0.3249287082793798, -0.9041954449014517, 0.2630866256932438], [0.7297725180084209, 0.6833417964913038, 0.021818851077957224, -0.5546536716291677], [0.6249641110572236, -0.6538083234252484, -0.42656129471655785, -0.39226717889103097]], "48": [[-0.28014304881503377, 0.32397661342091433, -0.9036365565700688, 0.264889569051771], [0.7279650665065477, 0.6853217679708774, 0.020023395734015847, -0.5518441211230423], [0.6257689145103726, -0.6522064307466159, -0.42783178642917463, -0.39296756780935543]], "49": [[-0.28173130791600437, 0.3236632227111594, -0.9032549961417304, 0.26610240519878847], [0.7260317365568187, 0.6873745631681254, 0.01985263917971944, -0.549314453376307], [0.6273000775468129, -0.6501986836071652, -0.42864470636258395, -0.3943529685513732]], "50": [[-0.2840100590122511, 0.3238863612090188, -0.9024610308436257, 0.2677756527205738], [0.7224405648706178, 0.6911236254928266, 0.020682476322511495, -0.5462755017531836], [0.6304109115700587, -0.6461004251111608, -0.43027470738632445, -0.39698775836470224]], "51": [[-0.28822826458622836, 0.32281246947435294, -0.9015079467003274, 0.2708059429770964], [0.7165550358320304, 0.697227249484608, 0.02056802270170885, -0.5422396457400661], [0.6351955203465193, -0.640051773023833, -0.43227350074675497, -0.40092104657542993]], "52": [[-0.2934567669114148, 0.3217440411455682, -0.9002021430699996, 0.27424489214602465], [0.709409029792501, 0.7044977484327009, 0.020536578908206676, -0.5377921271427941], [0.6407979048536009, -0.6325849306230216, -0.4349877596084278, -0.4055080884494504]], "53": [[-0.2998421686472478, 0.32061475097234005, -0.89849922397738, 0.27841862508654314], [0.6991898136496674, 0.7146077068010538, 0.02166633141449814, -0.5320621589080033], [0.6490210154700706, -0.6217250251055044, -0.43844009252057836, -0.41168328235925844]], "54": [[-0.30612384294858874, 0.31891721665982115, -0.8969838344501486, 0.2828257853546817], [0.6839365956980814, 0.7290848603820885, 0.025806947730091567, -0.5242788288660736], [0.662207613468626, -0.6055799494914613, -0.44130941486364983, -0.42105913717676363]], "55": [[-0.3159551303207683, 0.3140771719536437, -0.8952808977924203, 0.28973263353214296], [0.6629872623822043, 0.7480893480236267, 0.028464317755814483, -0.513393760696524], [0.6786900955672571, -0.5845663841145665, -0.44459183184432094, -0.4323999632465635]], "56": [[-0.3287850619556295, 0.3042910117683782, -0.894039911593876, 0.2987979955213366], [0.6326189788906063, 0.7738529669571986, 0.030737813605396347, -0.49752431180330814], [0.7012086785839401, -0.5554804818307826, -0.4469315648184433, -0.4477839205459442]], "57": [[-0.342254397131189, 0.2918027759424607, -0.8931478424011022, 0.30844884294116065], [0.5949178512721132, 0.8030503054868715, 0.034394146728144254, -0.47791140782032165], [0.7272789552072529, -0.5195780469046183, -0.4484461785806886, -0.4657376660109717]], "58": [[-0.3547838667245734, 0.27873578231617524, -0.8924319419966383, 0.31771819108678867], [0.5514126194629583, 0.8332230404937363, 0.04103032731543871, -0.45560599327183193], [0.7550314765152865, -0.47754133688766004, -0.4493125200487373, -0.48518999204847363]], "59": [[-0.3642162605208277, 0.26214099021143156, -0.8936602357228227, 0.32575512367681886], [0.5006379237745877, 0.8642418727534505, 0.04947377770045058, -0.4295854822172339], [0.7853077008032044, -0.4293810506217338, -0.4460086641483923, -0.5073062286170061]], "60": [[-0.37208263715458956, 0.24300139561736583, -0.895826342219646, 0.3332595870215107], [0.44590570958024467, 0.8932569847818845, 0.05709691640105771, -0.4013842460562729], [0.8140777677004389, -0.378209308395698, -0.4407211240736616, -0.529174489691424]], "61": [[-0.37795058697170697, 0.22034580023596012, -0.8992224888448747, 0.3401971561902983], [0.3865523700973362, 0.9201136029775312, 0.06299383497268696, -0.3704015435919026], [0.8412672710251481, -0.3237880264027682, -0.43293266743121683, -0.5508228550095252]], "62": [[-0.383050553060531, 0.19372722869615394, -0.9031843865745236, 0.34714115127497525], [0.32580180740340897, 0.9432594332962688, 0.06414689437585946, -0.3380717005573384], [0.8643641926728425, -0.26968760158417776, -0.4244327287089999, -0.5703608928154595]], "63": [[-0.3888042031054484, 0.165405074029893, -0.9063511754986354, 0.35429770556915374], [0.2691156473613976, 0.9612385240210146, 0.05997723164627755, -0.3071543171261557], [0.8811402046132366, -0.22059388349952852, -0.41824667188069964, -0.5854532133724935]], "64": [[-0.39776284213506274, 0.1393567810892692, -0.9068430997306869, 0.36286187822727217], [0.21249770838983595, 0.9755149753848384, 0.056703231825658104, -0.2762332535119456], [0.892541004052412, -0.1701476424587995, -0.4176366059375618, -0.5963902988891603]], "65": [[-0.40615579608914776, 0.11154752180222169, -0.9069700221983361, 0.3713126339766248], [0.14777959264279295, 0.9874747326705208, 0.0552706482308442, -0.24060046819878708], [0.9017752839575794, -0.11158316576049737, -0.41755303333728677, -0.6064875581913252]], "66": [[-0.40747207758006077, 0.07812349080124047, -0.9098698957383674, 0.3762029336466477], [0.06147086758883902, 0.9964207464145187, 0.05802610352668493, -0.19227789967721923], [0.9111464423457964, -0.032286474602827464, -0.41081595033398155, -0.6196698051343064]], "67": [[-0.40047436423054344, 0.03889569387771076, -0.9154820627607899, 0.3768694986447404], [-0.04569597578132001, 0.9970077642090307, 0.062348983340044725, -0.13121977254080375], [0.9151678316451897, 0.06680301524084453, -0.3974986739700581, -0.6331715841348751]], "68": [[-0.3815223584124756, -0.003205119402899456, -0.9243540526973256, 0.3714881419691174], [-0.16289107805787556, 0.9845779268453004, 0.06381851074375149, -0.06279198007129816], [0.909894051145908, 0.17491721625838336, -0.37616057831846106, -0.6442324162735238]], "69": [[-0.3623923170371645, -0.0416279286966237, -0.931095551026924, 0.3661316737713105], [-0.2740515685689807, 0.9595989823353037, 0.06376151677912763, 0.0032441797846307074], [0.8908240832569281, 0.278274880267652, -0.3591594976834105, -0.6466361796287573]], "70": [[-0.34274344828972036, -0.07634665467263077, -0.936321589058481, 0.36035954034970547], [-0.37859232808130044, 0.9233969666167665, 0.06329211135187486, 0.06631105635665091], [0.8597643740470935, 0.37617712692917166, -0.34539251810233834, -0.641593792347019]], "71": [[-0.32551880853204723, -0.10425817724764977, -0.9397700462346007, 0.3551617294095444], [-0.4711849558952473, 0.8795895134670992, 0.06562793256400694, 0.1220892572866914], [0.8197696289573582, 0.4641686344796037, -0.3354478149008107, -0.6304805628248922]], "72": [[-0.31221832481880774, -0.1266007981778416, -0.941537018698192, 0.3515917034871772], [-0.5410173531090658, 0.8383641992647929, 0.06667603370503455, 0.1638475875344963], [0.7809096895353482, 0.5302053454826938, -0.33024589446836833, -0.6174322904919216]], "73": [[-0.30086980561557075, -0.14588012024492783, -0.9424416964357688, 0.3487628908633893], [-0.5940042657869193, 0.8017889320808614, 0.06552435244516727, 0.19499580029672872], [0.7460806208846253, 0.5795286871751161, -0.3278874938219233, -0.6046819994939983]], "74": [[-0.2902163757197026, -0.1616292676747639, -0.9432128248604116, 0.3456889863213592], [-0.6328562898772799, 0.7717445084476611, 0.0624766315434383, 0.21683159955839842], [0.7178212657925128, 0.6150499103190714, -0.3262609930148273, -0.5945010153464025]], "75": [[-0.2777799300416589, -0.1750105531481056, -0.9445684824295268, 0.3410549208229467], [-0.6611740137733545, 0.7481530638673332, 0.05582039849365664, 0.2322857326374732], [0.6969126452840317, 0.640029921283317, -0.32353433555775024, -0.5878613823895121]], "76": [[-0.2676980295137801, -0.18732604378037282, -0.9451173035465172, 0.3377702397160461], [-0.6828817653796498, 0.7288868696798279, 0.04895329882211631, 0.24325563320472018], [0.6797133651029309, 0.6585080743181034, -0.32304311826885707, -0.582542679611199]], "77": [[-0.25701499946380024, -0.20188935987765866, -0.9450841104005532, 0.33471950334731077], [-0.7030745127959044, 0.7100168209955581, 0.03952648659274906, 0.2536819037413375], [0.6630456385936327, 0.6746234503631576, -0.32442823623141503, -0.5773615339254157]], "78": [[-0.24743555308110676, -0.21867932939963275, -0.9439041253259827, 0.3324442511419931], [-0.7211010059862295, 0.6922370975046532, 0.028655539625475443, 0.26336540685710425], [0.6471390778561921, 0.6877406136148396, -0.32897395350923964, -0.5720658635294732]], "79": [[-0.24124128519908755, -0.23382973136408503, -0.9418738229396375, 0.3318411326378599], [-0.7375098578170448, 0.6749996834992561, 0.02132221026777474, 0.2716032171619663], [0.6307787657107919, 0.6997850266107704, -0.3352895231156341, -0.5665254898898688]], "80": [[-0.23892932045662663, -0.24649309392431792, -0.9392305017026146, 0.3333538750357159], [-0.7529838706656644, 0.6577667781630594, 0.018925019746848404, 0.27822236647129306], [0.6131297343542988, 0.7117471607661257, -0.34276509325001125, -0.5606806914913227]], "81": [[-0.23365729343275132, -0.2592917257105454, -0.9371083560032846, 0.33360530286283074], [-0.7684908846139233, 0.639693794941557, 0.014615376762226157, 0.2854308806759377], [0.5956727542357411, 0.7235742188894774, -0.34873244839317774, -0.5557933615006002]], "82": [[-0.22198282633806882, -0.2734753863111748, -0.9359139040726635, 0.33112475641886785], [-0.7868502096981903, 0.6171118007786829, 0.006306505978520463, 0.29558185707016005], [0.5758388406252605, 0.7378239876246757, -0.3521723868313852, -0.5511270436554391]], "83": [[-0.2093799159753532, -0.2876168519616974, -0.9345782996309033, 0.32908130134620406], [-0.8039266495755615, 0.5947213095289174, -0.0029165850286408945, 0.3044896576263043], [0.5566524891914142, 0.750721726889028, -0.35574554995301827, -0.5476453093371884]], "84": [[-0.19801578088407695, -0.29854558601315234, -0.9336274862254946, 0.3279455751008514], [-0.817166749844354, 0.5762969976484272, -0.010966914084739099, 0.31001984566989305], [0.5413208410415031, 0.76075771641153, -0.3580774262269081, -0.5470343811352679]], "85": [[-0.18816422763862947, -0.30506616155123917, -0.9335571009734391, 0.3274271801105582], [-0.8275723121860662, 0.5611148788606262, -0.016557806167369418, 0.31262927027206133], [0.5288840059867584, 0.7694704218082535, -0.35804605647627036, -0.5496170321957661]], "86": [[-0.18080999990603724, -0.30974186091630646, -0.9334707943735284, 0.32832453867752964], [-0.8348568513588087, 0.5500734215403912, -0.020815111105717404, 0.31199220316474996], [0.5199247850085166, 0.775550907998775, -0.35804889002731144, -0.5553698643903359]], "87": [[-0.17896139914447742, -0.314190456891009, -0.9323396244510271, 0.3322737686469132], [-0.8363315525460089, 0.5476968033137417, -0.024036353398843482, 0.3056878204310045], [0.5181914247491523, 0.7754434662047183, -0.3607839788160303, -0.5645094424168376]], "88": [[-0.18058388083765867, -0.3185237707683509, -0.9305547099752489, 0.33850247865328853], [-0.8309187471083282, 0.555640413711901, -0.028944184213850116, 0.2922008158141766], [0.5262732147643228, 0.7679885005801794, -0.36500707481890304, -0.5783908288440136]], "89": [[-0.1835009686397706, -0.323268807897238, -0.9283451266256537, 0.34604449500066814], [-0.8181224830065343, 0.5737812019793148, -0.038088526831152436, 0.2708448162629796], [0.5449798152004456, 0.752510738586931, -0.3697628860869865, -0.5975794110734765]], "90": [[-0.18827176271871643, -0.32462450687632766, -0.9269156770712386, 0.3541044622499884], [-0.8021633071602237, 0.5953628307837567, -0.045575521314511896, 0.24523105286605318], [0.5666460725556778, 0.7349571612174767, -0.37249187765045566, -0.6184643111220428]], "91": [[-0.19660342463310437, -0.32377298373072605, -0.9254826566982157, 0.36391890954461814], [-0.785618766198711, 0.6167767920335565, -0.048882949514496885, 0.21718746744868872], [0.5866432025319133, 0.7174659875766901, -0.3756225615826625, -0.6387045084967058]], "92": [[-0.20638469525362857, -0.3253326929985528, -0.9228022527991624, 0.3759716914181195], [-0.7696045471246817, 0.636380811985808, -0.05223316709691042, 0.18873378199165947], [0.6042468037671416, 0.699412683675548, -0.38171677973436763, -0.6566705911519017]], "93": [[-0.2136094387001859, -0.3212512951182322, -0.9225879969051258, 0.3854045887518766], [-0.75368973940299, 0.6550422149324537, -0.053586126444864546, 0.1585834603892572], [0.6215486975575932, 0.683898604486512, -0.38204700481895404, -0.6764872499064618]], "94": [[-0.22081704394272234, -0.31592024268819285, -0.9227319400530736, 0.3936805213718494], [-0.7380802068377152, 0.6725769971566343, -0.05364504733018338, 0.12816989913580573], [0.6375558338057375, 0.6692044403814752, -0.38169094241420265, -0.6951385337852012]], "95": [[-0.22998122679011807, -0.31805913279880693, -0.9197537847306255, 0.4052948072685135], [-0.7233828575041586, 0.6880847706181158, -0.05706654323863096, 0.09917662014889683], [0.651019107151635, 0.6522098874897658, -0.38832510394304864, -0.7090406807477805]], "96": [[-0.23926952492826403, -0.31855145508018284, -0.9172104791666995, 0.4165673386183776], [-0.7097429918278593, 0.7020137943499821, -0.05866444763878491, 0.07079152007222927], [0.6625820540103493, 0.6369470949100617, -0.3940601699771799, -0.7215767039645427]], "97": [[-0.24621644047029428, -0.31661061956023473, -0.9160432195748631, 0.4248748965482999], [-0.6968306389129081, 0.7147434648343178, -0.059739770565191475, 0.04416035459863682], [0.6736501504585006, 0.6236180683170194, -0.39660557206779284, -0.7337665278838874]], "98": [[-0.25030452540043857, -0.3173751629660778, -0.9146696944654199, 0.4323835390223189], [-0.685279814644851, 0.7254458031386812, -0.0641869313898605, 0.020579123422709955], [0.6839146289675019, 0.6107383992230738, -0.39907316034955476, -0.7445581453176675]], "99": [[-0.2528698266830237, -0.3184733131739219, -0.9135817420947292, 0.43950594418484706], [-0.6753773410033255, 0.7342357992671089, -0.06901621774907071, -0.0003668434174660673], [0.6927642441379824, 0.5995602887369096, -0.4007557387419726, -0.7543268341094063]], "100": [[-0.2522313530774577, -0.31792642920675634, -0.9139486473240316, 0.4445246849478266], [-0.6665000703012978, 0.7418125584614754, -0.0741065741324691, -0.01849810231839244], [0.701539022887952, 0.5904548362025316, -0.3990063727834641, -0.7640588003607409]], "101": [[-0.25150762562998275, -0.31442690081772456, -0.9153576560480269, 0.4486197972891065], [-0.6564853473195783, 0.750360360598349, -0.07737130001002943, -0.0369190784379172], [0.7111757189228631, 0.5814594168214835, -0.3951380058343914, -0.7737719560895626]], "102": [[-0.2531585295408407, -0.30728460082417974, -0.9173259697307647, 0.45253753214095394], [-0.6450605600168974, 0.7602767241975965, -0.07665622706237349, -0.056778034948054834], [0.7209768612397777, 0.5723246262723675, -0.3906877140849092, -0.7832567852630193]], "103": [[-0.25238009213612217, -0.3020694128101199, -0.9192705569075499, 0.4554779864056281], [-0.6354102355981166, 0.7682262602010097, -0.07798874858772849, -0.07307322828942647], [0.7297657977670814, 0.5644311132797433, -0.3858230112796057, -0.7924340857847076]], "104": [[-0.249816707099125, -0.2999826726124025, -0.920653034219576, 0.4582978082833126], [-0.6267827434085715, 0.7748258607413, -0.08239100823565125, -0.08663730233740197], [0.7380616544856659, 0.5564667842077986, -0.3815884075820781, -0.8013229621866308]], "105": [[-0.24566169012550482, -0.2987437427199049, -0.9221727122526052, 0.46041301118155586], [-0.6177644254555388, 0.7813607562884262, -0.08855779765236188, -0.09930491226542482], [0.747005655675039, 0.5479302376697639, -0.37650366047295364, -0.8108724617576242]], "106": [[-0.24119319391811622, -0.2976284655788068, -0.9237116102810681, 0.46163170878321724], [-0.6097555676237207, 0.7869539182414071, -0.09434870466568554, -0.10978421473751587], [0.7549993313180502, 0.5404820317132657, -0.3712885430436764, -0.8205347585126048]], "107": [[-0.23506847754090535, -0.2965914769962746, -0.9256221185578452, 0.46135847681068953], [-0.6066789023700898, 0.7887985083494803, -0.0986793927307246, -0.11422963719515072], [0.7593968132853742, 0.5383589962378479, -0.36535745618655435, -0.8314480858567016]], "108": [[-0.2286027156137508, -0.3014726540017487, -0.9256646469993965, 0.463839715624237], [-0.6169118115365311, 0.780418722017012, -0.1018156942980665, -0.10317004689319759], [0.7531006682422013, 0.5477781102678803, -0.3643878801479483, -0.8420308399062537]], "109": [[-0.22622094673493626, -0.31621175581530925, -0.9213219891390274, 0.4738075769583717], [-0.6417194236851059, 0.7599561392086317, -0.10326106407034469, -0.07436736435073371], [0.7328166643340486, 0.5678704000634145, -0.3748372230896132, -0.8476175604315979]], "110": [[-0.22833046107181715, -0.33538954919413316, -0.9139907278834004, 0.4887784851952518], [-0.6725339336138187, 0.7331397761857814, -0.10101572473374615, -0.03690971409868937], [0.7039625760762469, 0.5916248124807284, -0.3929589959547506, -0.848321668962944]], "111": [[-0.22516538963296862, -0.3496229099655317, -0.9094307930051918, 0.49812738104610715], [-0.7037780716772943, 0.7038567372577726, -0.09634375381145477, 0.0034148981399432787], [0.673792974381127, 0.6183441708490989, -0.40454111395110115, -0.8511208065676801]], "112": [[-0.22441280454881196, -0.358340201158114, -0.9062180720262754, 0.5058656431807317], [-0.7299109377322021, 0.6779417099547606, -0.08732159617133776, 0.0383545325165871], [0.6456538676143163, 0.6418623985249879, -0.41369523265480773, -0.8533879056141349]], "113": [[-0.23039588546938716, -0.36148546729828784, -0.9034633318955769, 0.5148510110578014], [-0.7496848857817657, 0.657862552937342, -0.07203772027312857, 0.06457340633533404], [0.6203952830517289, 0.6607156103489833, -0.4225690167206651, -0.8540491264131441]], "114": [[-0.23923308521015801, -0.36261915183153026, -0.9007079894559845, 0.524491119096133], [-0.7645820740245216, 0.6421373103745704, -0.05544300632729113, 0.08413889411027442], [0.5984829016649731, 0.6754013812658972, -0.4308725930394276, -0.8538635461674677]], "115": [[-0.2427853032766749, -0.36825270353943657, -0.897466013256407, 0.5325986880173277], [-0.7762072278220368, 0.6286503958565335, -0.047968949603678535, 0.10077495698884559], [0.5818570597265114, 0.6849734504124906, -0.4384674870388192, -0.8528656883066319]], "116": [[-0.2394157513218083, -0.3771030148889342, -0.8946917994305269, 0.5373820465068544], [-0.7872792403824338, 0.6146930054143157, -0.0484139185138093, 0.11811138974845103], [0.5682178256195752, 0.6927812256997333, -0.44405256272703614, -0.8519962861640102]], "117": [[-0.23374677371463884, -0.3845751740911232, -0.8930086114594453, 0.5395415363106454], [-0.7969867278927322, 0.6018748133490901, -0.0505852166389501, 0.13385645451151884], [0.5569332099131912, 0.6998918799545417, -0.4471876054909737, -0.8517829505663412]], "118": [[-0.22848101902356527, -0.38742721217729537, -0.8931386123761154, 0.538971824472996], [-0.8051696248992624, 0.5909036561739561, -0.050346251166861936, 0.14674795291667891], [0.5472643791434166, 0.7076249188637667, -0.4469548925193675, -0.8528350228486529]], "119": [[-0.2219283574802352, -0.38658983555284665, -0.8951514418548975, 0.535538465639623], [-0.8127547050857266, 0.5805239547548352, -0.04921105172331608, 0.1584008370215187], [0.5386813474819903, 0.716617218297774, -0.4430374355067678, -0.8559322280460162]], "120": [[-0.2183819569623653, -0.38252791932208446, -0.8977648429373144, 0.5326383846655603], [-0.8186839874929636, 0.5724949978686058, -0.04478846580073012, 0.16641687509678332], [0.5310987203957356, 0.7252047087226113, -0.4381920602372515, -0.859915716087589]], "121": [[-0.2204531725170426, -0.3808746068254214, -0.8979615423674443, 0.5349822654669916], [-0.8228003008367466, 0.5670246896303367, -0.03850539999665821, 0.17072754981728416], [0.5238320940007266, 0.7303543895520326, -0.43838613284764016, -0.8611031013456985]], "122": [[-0.22297223523603416, -0.38157078873337236, -0.8970435425392449, 0.539032199841198], [-0.8269427269183135, 0.561304485907238, -0.033211462877060366, 0.17496377430629367], [0.5161870884792829, 0.7343983992117638, -0.4406925043454763, -0.8609805364868305]], "123": [[-0.22498836747243742, -0.3843951571295411, -0.8953326753151407, 0.5438011792386506], [-0.8309928516972771, 0.5554912940077577, -0.029669909405513034, 0.1791837011280199], [0.508754475777569, 0.7373396686920517, -0.444408707111361, -0.8602290855564687]], "124": [[-0.2263452030438254, -0.38693600637751174, -0.8938950585591197, 0.5478124193014091], [-0.8333284556108211, 0.5520704240635137, -0.02796304352738671, 0.1808834297456981], [0.5043129324506612, 0.7385788878463361, -0.44740327685652603, -0.8604637108521097]], "125": [[-0.22490463639508018, -0.3887206566073923, -0.8934842789769065, 0.5494832092275922], [-0.8343666027447059, 0.5504229437305196, -0.029444112289675473, 0.18098164723553029], [0.5032397816193762, 0.7388713251450882, -0.4481282056478052, -0.8627517424492941]], "126": [[-0.22365894939721445, -0.39059651729498795, -0.8929787427873827, 0.551242827473295], [-0.8348408964407015, 0.549600611847304, -0.03130247761280783, 0.18005504258612043], [0.5030083021389528, 0.7384940948767069, -0.44900904207741554, -0.8651694900192972]], "127": [[-0.22533853073636084, -0.39316200819723923, -0.8914292917142222, 0.55520807936332], [-0.8352331621935003, 0.5490208518295784, -0.031010790738896843, 0.17854935568648028], [0.5016055338330454, 0.7375633801814808, -0.45209749944546546, -0.865615575000441]], "128": [[-0.22717369253432318, -0.3962222006106794, -0.8896066997034071, 0.5593446041177378], [-0.836521063198675, 0.5471096044656273, -0.0300597915718748, 0.17843045244632338], [0.49862272642122796, 0.7373459483633111, -0.4557371256269404, -0.8650536169698357]], "129": [[-0.22712534006503976, -0.398389526871477, -0.8886505868008334, 0.5616706295804567], [-0.8388444505136373, 0.5435822692203249, -0.02929683813051076, 0.18007606804040488], [0.49472625596735986, 0.7387855588936145, -0.4576481514826479, -0.8651098856410326]], "130": [[-0.22660000200771485, -0.39939182211714314, -0.8883347403192385, 0.5628625993544643], [-0.8404816450374137, 0.54107037040053, -0.028869678364624424, 0.18070195134918993], [0.49218192046199155, 0.7400871746784368, -0.45828804271311974, -0.8660374569776114]], "131": [[-0.22466994773860055, -0.4015182919286662, -0.8878662496411831, 0.5636191044743042], [-0.8416655499766733, 0.5391186172561385, -0.030825625131929518, 0.18112597925627716], [0.49104227709621123, 0.7403608437955287, -0.45906786550803275, -0.8671289781625116]], "132": [[-0.22246493221792277, -0.4058835823005633, -0.8864354872307114, 0.5654233880036412], [-0.8429087131022599, 0.5369606819929644, -0.03432387000249548, 0.18203209940886128], [0.4899124990075415, 0.7395483384535211, -0.46157772968868005, -0.8670552804028376]], "133": [[-0.22089836968193138, -0.410529704812111, -0.8846859739872914, 0.5676993481464278], [-0.8435775534504346, 0.5356657011238037, -0.037936372287021486, 0.1821770512820836], [0.4894699402038074, 0.7379211467634271, -0.4646413240414783, -0.8664906558884029]], "134": [[-0.219255904659809, -0.41329366459168365, -0.8838072161186835, 0.5687343717765824], [-0.8444423210867849, 0.5341295320051156, -0.04028410956753328, 0.18259206264986133], [0.48871670198652883, 0.7374916880959682, -0.466113715155656, -0.8666016408582513]], "135": [[-0.21729131135045004, -0.4146069744987586, -0.8836772832754116, 0.5686453980914141], [-0.8459774977644263, 0.5316089001998208, -0.04140108315322061, 0.18410861106941961], [0.4869358866117422, 0.7385750011921286, -0.4662621659664532, -0.867130278471582]], "136": [[-0.21618072383107728, -0.41693333382975173, -0.8828547385726361, 0.569672043710574], [-0.8481385356370338, 0.5281282839263964, -0.04173176141511031, 0.18682887658171465], [0.4836599204711075, 0.7397615227439615, -0.46778838192305067, -0.8662803203123695]], "137": [[-0.21640265980958362, -0.4200430123910405, -0.8813250001455337, 0.5719320210730366], [-0.8501785350585627, 0.5248644548471413, -0.04139761147629695, 0.189390014000497], [0.4799649432105617, 0.740325044263984, -0.4706936170337296, -0.8643732570020621]], "138": [[-0.21697376472309604, -0.4209974628836232, -0.8807289712449372, 0.5731158642137507], [-0.851313912149914, 0.5231048956421779, -0.04032233520770148, 0.19028823956698898], [0.4776892374572369, 0.7410279371351571, -0.4719010357220015, -0.863712496520282]], "139": [[-0.21729979733013527, -0.4198938184737, -0.8811753405011784, 0.5729162219590007], [-0.8514902214181993, 0.5229037734154179, -0.03919243873076003, 0.1895787664899728], [0.47722657327056234, 0.741795676873116, -0.47116236439177683, -0.8644338382764879]], "140": [[-0.2189795200989405, -0.4190686458156767, -0.881152336031696, 0.5737175530414728], [-0.850947350917681, 0.5238971502269489, -0.037687951340682285, 0.18755930326793374], [0.47742703652389296, 0.7415613565727681, -0.47132810057127716, -0.8645486261996408]], "141": [[-0.22221871088840767, -0.4184376334717638, -0.880641126338418, 0.5755726570982737], [-0.8496268380168436, 0.5261798992353716, -0.03562233416269306, 0.18398510080584768], [0.478281384225198, 0.7403003865260084, -0.47244286225537707, -0.8639882961909768]], "142": [[-0.22397696077631785, -0.4163958790330094, -0.881163317872703, 0.5755327567473434], [-0.8479695994938068, 0.5289270083153765, -0.03440607671115847, 0.17996827840941276], [0.48039762612607156, 0.7394935372404995, -0.471558510577867, -0.8647422410835295]], "143": [[-0.2247528040224104, -0.4142411740388059, -0.8819809680392564, 0.5746722554806385], [-0.8464504810208265, 0.531388536870609, -0.03387929465917805, 0.17634853075202772], 