{"metadata": {"take_name": "nus_cpr_27_3", "take_uid": "aadfff4c-723a-4c55-b2be-be1742836ba9"}, "cam01": {"camera_intrinsics": [[1287.3931820567539, 0.0, 1920.0], [0.0, 1287.3931820567539, 1080.0], [0.0, 0.0, 1.0]], "camera_extrinsics": [[-0.5441902745275511, 0.8385077466767884, 0.027546500592409904, -0.19573420377892675], [0.5214816869268508, 0.36379805367812296, -0.7718203378682337, -0.5647205536580194], [-0.6571992857054842, -0.40565322938456116, -0.6352412860710442, 0.7519972882121716]], "distortion_coeffs": [0.036902, 0.057131, -0.057154, 0.018458]}, "cam04": {"camera_intrinsics": [[1232.5489763525384, 0.0, 1920.0], [0.0, 1232.5489763525384, 1080.0], [0.0, 0.0, 1.0]], "camera_extrinsics": [[0.642978881999508, 0.7658560502800227, 0.00650048871599903, 0.2035369905285825], [0.43944651672780927, -0.3619609728037951, -0.8221127930314559, -0.35309912195601056], [-0.627267490820191, 0.5314576142832744, -0.5692859490251463, 0.5605220172979103]], "distortion_coeffs": [0.036902, 0.057131, -0.057154, 0.018458]}, "aria01": {"camera_intrinsics": [[150.0, 0.0, 255.5], [0.0, 150.0, 255.5], [0.0, 0.0, 1.0]], "camera_extrinsics": {"0": [[-0.09134016427106191, -0.05094114190903332, -0.9945159499909396, -0.004797551165809814], [-0.2987067792059497, 0.9541041474663954, -0.021436789050697146, -0.23079503826624923], [0.9499638070798659, 0.29511061653055887, -0.10236449395424099, 0.22064678774408278]], "1": [[-0.08893116351630227, -0.054732731244757506, -0.994532843200045, -0.0032734718405135407], [-0.2998443002292293, 0.953642716483661, -0.025670311596264414, -0.23192398450559482], [0.9498340084973402, 0.29592211372805194, -0.10121985386431054, 0.2213071276145936]], "2": [[-0.08485823943258389, -0.058121105442785655, -0.9946964435467114, -0.0012073404276480362], [-0.3011120008287557, 0.9531166526435185, -0.03000348375234345, -0.23312937359240687], [0.9498055805010388, 0.29696899319413295, -0.09838076362848952, 0.22208415741738974]], "3": [[-0.08091206259901373, -0.06103292560476283, -0.9948508541431832, 0.0007245630445478872], [-0.3024177898379682, 0.9525744608561882, -0.03384342457343093, -0.23429739302750263], [0.9497350789938084, 0.29812225565639033, -0.09553220667420464, 0.22284874065290064]], "4": [[-0.07742047629387325, -0.06336661088179349, -0.9949827843677519, 0.0024236341188422425], [-0.30403856489342773, 0.9519421813206292, -0.03696801524056333, -0.23553214329772237], [0.9495086201295899, 0.2996510562187288, -0.09296571065556951, 0.2234992439945458]], "5": [[-0.07471423284218612, -0.06479215065326885, -0.9950978663980111, 0.0037785095153126044], [-0.3057821090284695, 0.9513031704056811, -0.03898179793211083, -0.23680077558312732], [0.9491654692947589, 0.3013706298359432, -0.09088816671971085, 0.2240207199818113]], "6": [[-0.0731173866624644, -0.06561393018272206, -0.9951626294558452, 0.004659521966744275], [-0.30716573996593755, 0.9508099122498481, -0.04012130024691603, -0.2379178604757566], [0.9488430086927289, 0.3027463006467908, -0.08967508750673012, 0.22445682914358944]], "7": [[-0.07188210252112946, -0.06661115900042333, -0.9951863724756542, 0.005364198398921136], [-0.3082466142702113, 0.9504074150573746, -0.04134936477820939, -0.23891756333840192], [0.9485868369898525, 0.30379055041144903, -0.08884994757457809, 0.2248350229043631]], "8": [[-0.07086308876539202, -0.06741449065511937, -0.9952053607371437, 0.005904207078261243], [-0.30882498362406613, 0.950174478396087, -0.04237440666359051, -0.2397874988433156], [0.9484753834552859, 0.3043414981003326, -0.08815157727642581, 0.22519282937957308]], "9": [[-0.06992914515553367, -0.06799242896865448, -0.9952321055459691, 0.006348977583385408], [-0.3092582532152154, 0.9499976228283911, -0.04317232153250633, -0.2406186600725072], [0.9484035254821452, 0.3047647388875708, -0.08745974151678942, 0.2254748085654918]], "10": [[-0.06875086196798771, -0.06851735223751464, -0.9952781982031087, 0.006840902461160408], [-0.3102782589676806, 0.9496296800967787, -0.04394169769063192, -0.24168233718688575], [0.9481564856936424, 0.30579215702267915, -0.08654730377549857, 0.22560946767322798]], "11": [[-0.06710493302050928, -0.06894295862444884, -0.9953611388280099, 0.007466854226119552], [-0.31207577270652676, 0.9490054115254035, -0.04469274053119233, -0.24306974240295812], [0.9476843568960485, 0.3076289932214492, -0.08519837163296567, 0.22555818300757174]], "12": [[-0.0658835353603129, -0.06961551725412131, -0.9953959211003949, 0.00797468440654112], [-0.3140869247360511, 0.948301718921904, -0.045532995260747736, -0.24453307511675038], [0.947105465976142, 0.3096409690979369, -0.08434279353568011, 0.2254003469443777]], "13": [[-0.06486944460774438, -0.0701387188154938, -0.9954257959526192, 0.008457413815234682], [-0.31569986046382287, 0.9477334575519412, -0.04620488644519842, -0.24587928856593466], [0.946639082876944, 0.3112584995555711, -0.08362172677410208, 0.2252720367343031]], "14": [[-0.06362409011643766, -0.0709741579227916, -0.9954469567989288, 0.00909875036318086], [-0.31728904068009633, 0.9471509874725044, -0.047251153673112, -0.24720238759220975], [0.9461921789859926, 0.3128380982532262, -0.08278094228959053, 0.22514670135582215]], "15": [[-0.06243040543452808, -0.07199283635409351, -0.9954493835825386, 0.009756312977892034], [-0.3185218540454088, 0.946674519660277, -0.04848898976554299, -0.248314716567504], [0.9458574270483613, 0.31404519581942747, -0.08203256586744062, 0.22512061485061075]], "16": [[-0.06096015058474891, -0.07252160296458535, -0.9955021232629765, 0.010475404069579114], [-0.31919024662541556, 0.9464023105879531, -0.04939891747728983, -0.24915335820394427], [0.9457279982949944, 0.31474320285318863, -0.0808410156733421, 0.2252311770841802]], "17": [[-0.05824700815723024, -0.07243649589286572, -0.9956707484256231, 0.011563245727441777], [-0.3194357762012411, 0.9462796342520229, -0.05015614076184057, -0.24976440743901251], [0.9458160868499039, 0.3151314130410135, -0.07825676595574359, 0.22543017718672625]], "18": [[-0.05475275217001424, -0.07199941367270807, -0.9959007085856969, 0.012872320499394796], [-0.3194010370773813, 0.9462543225729072, -0.050850120400957995, -0.2502210882316766], [0.9460365291006698, 0.315307535284235, -0.0748067157235072, 0.2257175978667474]], "19": [[-0.05106581739288447, -0.07103446144607374, -0.9961658447981055, 0.014187320767200234], [-0.319314382320663, 0.9462696934147934, -0.0511076640576817, -0.2505976486455551], [0.9462719535733612, 0.3154802273865169, -0.07100436025152088, 0.2259861231808458]], "20": [[-0.046841218244564095, -0.06958113324490335, -0.9964759739041299, 0.01564080991006549], [-0.3194607774470988, 0.9462231088656243, -0.05105526448229555, -0.2510091106472541], [0.946441077045395, 0.31594349863182863, -0.06655068602967795, 0.22619105447845786]], "21": [[-0.04265462474942575, -0.06766248312471079, -0.9967960528275018, 0.017033145090874054], [-0.3196555226857649, 0.946184553658378, -0.050548364120549596, -0.2514146816581133], [0.9465732562246365, 0.31647524168015656, -0.06198783353584303, 0.22637273243967657]], "22": [[-0.03963234897387127, -0.06571642890411178, -0.9970509651146556, 0.018035705622437403], [-0.31980018327518156, 0.9461831452432016, -0.04965176934801447, -0.25176853689087614], [0.946655755222838, 0.31688926494365605, -0.0585155867043545, 0.226511521564755]], "23": [[-0.03747845304423274, -0.06407644212392202, -0.9972409811461869, 0.01872794283635427], [-0.31981850985491184, 0.9462223551063321, -0.0487788404203327, -0.25206026347504956], [0.9467372844188748, 0.31710796893664706, -0.055955782411121355, 0.22664165756933943]], "24": [[-0.03623898173441619, -0.06298005585340424, -0.9973566310607742, 0.019115951559598044], [-0.31965685443648817, 0.9463095994148056, -0.048141849524196714, -0.2522685643110227], [0.9468401302854328, 0.31706727199343027, -0.054425302754078836, 0.22675223530623326]], "25": [[-0.035833238559247124, -0.06186284055696506, -0.9974412103423157, 0.019161348192240784], [-0.31916567145811753, 0.9465208864135388, -0.047238604740250684, -0.25234879023150064], [0.9470212528164463, 0.3166562814711888, -0.053661403756380045, 0.22680788336484525]], "26": [[-0.03578679433767554, -0.06084353920880163, -0.9975055734438015, 0.019016755195666816], [-0.3184949788539384, 0.9467919797293469, -0.046323811965994804, -0.2523436141001234], [0.9472487813463127, 0.3160427357811143, -0.053261011596700845, 0.22676995659517168]], "27": [[-0.035984979923229105, -0.0602684709106626, -0.99753335450587, 0.018722759723471653], [-0.3180536909908969, 0.9469686901094649, -0.04574002401333553, -0.25239642593935896], [0.9473895352695094, 0.31562321159602386, -0.053245258848370676, 0.22656925300742112]], "28": [[-0.03679125981385269, -0.059953131507476276, -0.9975229441838258, 0.018197264021589967], [-0.3180045438848945, 0.9470116750712202, -0.045188461571040825, -0.2525679892833558], [0.9473750642102157, 0.3155542882233472, -0.05390712093597522, 0.22615699271037729]], "29": [[-0.03839677081092196, -0.059579891927016085, -0.997484799185386, 0.01736491237026754], [-0.3184132162652994, 0.9469162092161121, -0.04430255600681482, -0.25288728442339964], [0.9471740662764694, 0.3159112680244082, -0.05532954966106146, 0.22551635867341974]], "30": [[-0.04007742651624247, -0.05913993921087113, -0.9974448691112252, 0.016463020634701727], [-0.31963634692567106, 0.9465513728658768, -0.043279372658876894, -0.2534495805957356], [0.9466923497557991, 0.31708510822568425, -0.05683861727603146, 0.22453863852731676]], "31": [[-0.04178782849020437, -0.058726958765781934, -0.9973990778122578, 0.015525443369723026], [-0.32141254074054776, 0.9459969594573718, -0.04223423970285121, -0.2541404954354362], [0.9460167835952835, 0.31881169429354445, -0.058406739857291556, 0.22336507612403395]], "32": [[-0.04336216733653094, -0.05794128466343363, -0.9973778273404291, 0.014622643971646723], [-0.32347967282673834, 0.9453527097397281, -0.04085530063213212, -0.2548717881274644], [0.9452410402510409, 0.3208598789947623, -0.05973537014544181, 0.2220018603860623]], "33": [[-0.04540067861555511, -0.05643999596220488, -0.997373202995962, 0.013538218479552038], [-0.32592182600955255, 0.9446076497325249, -0.03861802192869153, -0.2556657256508634], [0.9443059580860896, 0.32331241130224786, -0.0612808547810461, 0.22044750787610864]], "34": [[-0.04777215763715624, -0.054362624616263414, -0.9973778241802597, 0.012262550185064617], [-0.32859787610461405, 0.9437948581960519, -0.03570295466310411, -0.25647988194388793], [0.9432609686921922, 0.3260306271418328, -0.06295055992362966, 0.21882528815667]], "35": [[-0.04980823752140124, -0.05182074368352251, -0.997413529445962, 0.011037843255734054], [-0.33191001994181524, 0.9427542506661604, -0.032406190360177944, -0.25741211621914006], [0.9419951575995846, 0.329437448961458, -0.06415675184408033, 0.21695006983509063]], "36": [[-0.05202928374363355, -0.04906242589144523, -0.9974396393097992, 0.009613367275621554], [-0.33621463446500777, 0.9413459906279767, -0.02876536191046776, -0.25853702098083037], [0.9403471035430149, 0.3338571629690535, -0.06547306302047498, 0.21467871599259988]], "37": [[-0.05483505271853105, -0.0464660986564793, -0.9974136644692218, 0.007857878952278276], [-0.340899793313427, 0.9397661363055443, -0.025038766249457185, -0.2596347564265152], [0.938499039611016, 0.3386451098804, -0.06737240911691617, 0.21213033308402413]], "38": [[-0.05940873627592646, -0.043728970721432496, -0.997275477988901, 0.005335083290659043], [-0.3453330064253166, 0.9382547758040197, -0.02056915916302138, -0.26046112200590615], [0.9365979481947257, 0.3431701512620994, -0.07084158748034358, 0.20926854978143974]], "39": [[-0.06711378540590263, -0.04135764981713246, -0.9968877997144189, 0.001579290105367205], [-0.3495934621333638, 0.9367761008620947, -0.015328021482052562, -0.26095059125657555], [0.9344945968884988, 0.3474767358316439, -0.07732895413058058, 0.2058731053677209]], "40": [[-0.07853512671890357, -0.0387131708255075, -0.9961593873220541, -0.0035644678561223483], [-0.35374387903378873, 0.9353040685945411, -0.00845975675990552, -0.2611964403014549], [0.9320394318644853, 0.35172089786313604, -0.08714877069819377, 0.20198772327672068]], "41": [[-0.09459318204676084, -0.03587817289044878, -0.9948692813080775, -0.010318723010086815], [-0.3578010035007647, 0.9337977957709251, 0.0003443433111624851, -0.26122672581916956], [0.9289943875277742, 0.3559977997826481, -0.10116815112763741, 0.19752380351694698]], "42": [[-0.11648704936238391, -0.03369035693290949, -0.9926206357981698, -0.018927171730154315], [-0.36171811620482475, 0.9322248581188917, 0.010808246070776992, -0.26095108376794846], [0.9249814977636108, 0.3603078870797378, -0.12077853556371748, 0.19224836907788356]], "43": [[-0.14441526159433615, -0.0328907426762427, -0.9889703887495459, -0.029340537528045278], [-0.3641435687730556, 0.9310779888652225, 0.022208999423491478, -0.26002346264899445], [0.920078090261976, 0.36333452498041513, -0.1464388238827744, 0.1864748041468315]], "44": [[-0.17713392113797016, -0.032207269113266, -0.9836596291672496, -0.041265570264312976], [-0.3642045885176877, 0.9306568148360369, 0.03511282891694676, -0.25819806376839094], [0.9143186490091377, 0.36447302359447764, -0.17658092601610956, 0.18015252824856318]], "45": [[-0.20912573923261246, -0.031505319156162184, -0.977381112511059, -0.05286181291087361], [-0.3619947037405484, 0.9309719688507576, 0.04744499437339538, -0.2555021712834959], [0.9084196490296417, 0.36372875562195806, -0.20609495995590849, 0.1734863723834436]], "46": [[-0.240429333593677, -0.0329046448134676, -0.970108766989194, -0.06384775276136365], [-0.3572001279526622, 0.93229277628557, 0.05690560478983832, -0.25203328428790434], [0.902552936971418, 0.36020475231533083, -0.23590407426438315, 0.1669337011497794]], "47": [[-0.2740329567187113, -0.03617427170946483, -0.9610397285343111, -0.07527048114529991], [-0.34970238433320455, 0.9346355120416621, 0.06453450139337011, -0.24777164412154956], [0.8958873702593106, 0.353762464581246, -0.2687711619710726, 0.16005426677674037]], "48": [[-0.3009996166797716, -0.038408448052138645, -0.9528504720360419, -0.08455699194909896], [-0.34088289996342447, 0.9375040382026991, 0.0698929674316292, -0.24316248380704908], [0.8906166849126597, 0.3458481885772576, -0.2952811392722875, 0.15354804953951406]], "49": [[-0.3186892206611919, -0.039879256991166075, -0.9470199702703843, -0.09065222296010975], [-0.33296039348316714, 0.9401528328638851, 0.07245707007224825, -0.23902606111979066], [0.8874539738302252, 0.3384114288746545, -0.3128947868439557, 0.14826614513588687]], "50": [[-0.33295691266711797, -0.04151244674116564, -0.9420278183413999, -0.09539945834782418], [-0.32609959373669833, 0.9424559906640049, 0.07372761043689367, -0.23529459069798234], [0.8847591473127443, 0.3317430062984699, -0.3273344290467013, 0.1434776617880655]], "51": [[-0.3467977707773343, -0.042886629307867595, -0.9369589326106424, -0.0998823813846866], [-0.3202350527576284, 0.944340374243001, 0.0753045037223386, -0.23177434752818862], [0.8815785928893134, 0.32616252689626174, -0.34122893882015537, 0.13847063622184408]], "52": [[-0.3585620774316267, -0.04217531373027395, -0.9325526690105386, -0.1037195935720448], [-0.31538365418947667, 0.9457124259090102, 0.07849304614254435, -0.22852812847671222], [0.8786161779722683, 0.32225649834312176, -0.3523980165548506, 0.13356196894030245]], "53": [[-0.36959007203565253, -0.040969265702464196, -0.9282912794339099, -0.10719313143584891], [-0.31154967953260854, 0.9466625727033585, 0.08226038447631716, -0.22549573924151994], [0.8754084631298065, 0.31961147233926346, -0.36264104988561197, 0.12860458074158104]], "54": [[-0.3808601735005524, -0.039537004699391934, -0.9237869617907147, -0.11063883928543752], [-0.30787879683781155, 0.9474961605775513, 0.08638096871978611, -0.22235072043584805], [0.8718693549449994, 0.3173134885467291, -0.3730361578157, 0.12328631156335282]], "55": [[-0.3939627846368723, -0.03799264393913552, -0.9183408314089193, -0.11453384205845475], [-0.3034905745830597, 0.9484832511465247, 0.09095599670536086, -0.21894059010992806], [0.8675752386942759, 0.3145410641966405, -0.38519751221086856, 0.11758707386663637]], "56": [[-0.41023133288860936, -0.03707326090437447, -0.9112276475546082, -0.11922155770190854], [-0.2979474269273003, 0.9497939312297397, 0.09549250665600095, -0.21508231973281833], [0.861938271095324, 0.31067195099564193, -0.40068111318851096, 0.11114004515841545]], "57": [[-0.4265927034727046, -0.03561526630229179, -0.9037423395139573, -0.12386423661827693], [-0.29121723554807, 0.9514193332122012, 0.09996886444234908, -0.21071328780646778], [0.8562775164761599, 0.30583133353675396, -0.4162403250777237, 0.1041442890679471]], "58": [[-0.4432116368064723, -0.03461327878138173, -0.8957484937707534, -0.12829766224557637], [-0.28363718019812434, 0.953329374742389, 0.10350387929197523, -0.20613779604334723], [0.8503607430047666, 0.2999417003387962, -0.4323442855695676, 0.09696471180975375]], "59": [[-0.4647545985933207, -0.03421807929531826, -0.8847780993414883, -0.1336372673601783], [-0.27354659935369885, 0.9559201830918035, 0.10671860854289146, -0.20095913749432945], [0.8421255369886116, 0.2916260041232914, -0.4536285403142525, 0.08897040730976713]], "60": [[-0.49434916816324564, -0.035636683823895184, -0.8685326291635188, -0.14042353007052832], [-0.26064555106990595, 0.9592623051750375, 0.10899415911720112, -0.1951285538544672], [0.8292664214939927, 0.2802603378920328, -0.48349906558364375, 0.07941681617375784]], "61": [[-0.5256384677948768, -0.03787480553800206, -0.8498645172133042, -0.14711318214818553], [-0.24691199104289574, 0.9627964395836281, 0.10980657676795083, -0.18936723725045873], [0.8140876287523445, 0.2675603002729936, -0.5154345892195017, 0.06931619619086404]], "62": [[-0.556627515548496, -0.04014224431492059, -0.8297917885463609, -0.15323365685732113], [-0.2327449972362134, 0.9663676564780384, 0.1093769588420393, -0.1837583830285872], [0.7974933092318349, 0.25401211307356064, -0.5472497339443122, 0.058993845566162495]], "63": [[-0.5916625403134315, -0.043413078100318546, -0.8050159887607716, -0.1597113117791255], [-0.21765926375027117, 0.9700690710487767, 0.107658916045892, -0.17820313500873822], [0.7762473075271368, 0.23891693498120808, -0.5834027895647096, 0.04744653528152071]], "64": [[-0.6225982872234637, -0.045756177944998894, -0.7812027550634921, -0.16514865414142565], [-0.2035372655149164, 0.9733989065109678, 0.1052005242730524, -0.17325204134026045], [0.7556083336612782, 0.22450153871287692, -0.6153495793613227, 0.03629553460658949]], "65": [[-0.6464912128039718, -0.04706722882222293, -0.7614681785209488, -0.16884618994478284], [-0.19126329598536296, 0.9762201050346802, 0.10204243258722948, -0.16897257803795565], [0.7385576907479937, 0.21161044941685375, -0.6401199530741892, 0.026351726360565528]], "66": [[-0.6686731637608285, -0.048980257679484836, -0.7419414630415936, -0.17200479596972118], [-0.18033128475891613, 0.9787205620226755, 0.09791163989675972, -0.1652310834464478], [0.7213576283337668, 0.19926614330242487, -0.6632768474238553, 0.016378313149448737]], "67": [[-0.6877978597651351, -0.0505007390523147, -0.7241434809684161, -0.1745208608658923], [-0.1707794447684809, 0.9808337477303521, 0.09380586718509817, -0.1620779679438067], [0.7055270986110227, 0.18818829667944686, -0.6832398404806619, 0.006954848068380454]], "68": [[-0.7032117801323572, -0.05242939723577898, -0.7090446731097735, -0.17614297296332349], [-0.1630634906312478, 0.9825871768576862, 0.08906591761519395, -0.15955981233092842], [0.6920285313777408, 0.17825150135794948, -0.6995161985283537, -0.0016835718567209529]], "69": [[-0.7183507798744168, -0.05578043245177249, -0.6934412014633413, -0.17736842763446298], [-0.15663317813068972, 0.984155168598652, 0.08309423310548991, -0.15754399359162616], [0.6778187103156724, 0.16830670625388772, -0.7157056993495862, -0.010535086577883115]], "70": [[-0.7327351962264973, -0.059329318261792136, -0.6779226821157209, -0.17828215437260067], [-0.15076626335302967, 0.9855894066062287, 0.07670107748363791, -0.15585723388457928], [0.6636027914348998, 0.15840944835517112, -0.7311209070098148, -0.019139361093205715]], "71": [[-0.74589985223328, -0.06194171563464885, -0.6631716473273935, -0.17879222508172984], [-0.1443087862453949, 0.9870452700271248, 0.07011853591330514, -0.15415799585628057], [0.6502371753286322, 0.14800290094731883, -0.7451756549150961, -0.02731901254627346]], "72": [[-0.7585963323677615, -0.06499330368540682, -0.64831124885496, -0.17892013503279705], [-0.13769241185816394, 0.9885317094116881, 0.06201499211261169, -0.15247050267826345], [0.6368456678211993, 0.13631188516505416, -0.7588456138841695, -0.03542961123000257]], "73": [[-0.770101723118289, -0.06527859038685935, -0.6345723296604746, -0.1789325447645092], [-0.12845438787440033, 0.9902429109162164, 0.054022658240354016, -0.15031579776106177], [0.6248542279381999, 0.12311654233481778, -0.7709730933846021, -0.04279960699211745]], "74": [[-0.7803638494516797, -0.06232861846117009, -0.6222117027645189, -0.1787900428184393], [-0.11601548068665729, 0.9921763009903577, 0.04611502676460694, -0.14762087170873783], [0.6144694199396288, 0.10817268881963327, -0.7814896025101763, -0.04941947365370214]], "75": [[-0.7893926763950012, -0.05922720032149287, -0.6110248277975271, -0.17826818255264154], [-0.10333330558943371, 0.9939526488930164, 0.03715319099469261, -0.14491581610440868], [0.6051292667038346, 0.09246767183800175, -0.7907390842220859, -0.05574385195693149]], "76": [[-0.7967201637984934, -0.05683235483613201, -0.6016702295881827, -0.17740718955259577], [-0.09202921157685245, 0.9953669551420035, 0.027843292867725244, -0.14249349977405498], [0.5973002644574259, 0.07755455004638773, -0.7982591602217916, -0.06162390847072654]], "77": [[-0.8034943140230714, -0.05436874705631865, -0.5928245346849408, -0.1763642635045918], [-0.08091660050390254, 0.9965532994952978, 0.018276358824480754, -0.14012135051193486], [0.5897875831997261, 0.0626542971166194, -0.8051242437000202, -0.06766252346813512]], "78": [[-0.8106004452979502, -0.05129532402770291, -0.5833486989943273, -0.17512998996816892], [-0.0691193354849643, 0.9975736489639078, 0.008326582152740125, -0.1376841388782396], [0.5815061757301516, 0.04707020464491374, -0.8121791431346705, -0.07431299046473751]], "79": [[-0.8174710364777583, -0.047886065124853966, -0.5739756333692121, -0.17368651118719491], [-0.0575346618928711, 0.9983425990615851, -0.001348104059812394, -0.13540081425807085], [0.5730888811052484, 0.031921457477938064, -0.8188712679578587, -0.08125963360318514]], "80": [[-0.8237184656371688, -0.04463610502531848, -0.5652393377043344, -0.171839876568852], [-0.046541362779344675, 0.9988552026616465, -0.011053770490900283, -0.13336254315961904], [0.5650856503971946, 0.01720181465278764, -0.824852899932232, -0.08862711760701585]], "81": [[-0.8297913803087253, -0.04221615056281776, -0.5564746761735759, -0.16946984264121068], [-0.03694007603670957, 0.9991028191105061, -0.02071202719790305, -0.13170655463232486], [0.5568497995970416, 0.0033695563361820224, -0.8306063747712458, -0.09665485827722645]], "82": [[-0.8364139601929833, -0.040092459381975185, -0.5466299299854472, -0.16651677164258044], [-0.02826592512516396, 0.9991491992624681, -0.0300318978171199, -0.13033724011845155], [0.5473689095654305, -0.009668098426927507, -0.8368355892042894, -0.10584197760529723]], "83": [[-0.8426657984269712, -0.037617524283163103, -0.5371212869166496, -0.16307614264023795], [-0.020382825508247215, 0.9990701191988152, -0.03799260098703605, -0.1292159979302828], [0.538051015582104, -0.021067015017996515, -0.8426489707999152, -0.1155220466224112]], "84": [[-0.8489047742641167, -0.0368841475009391, -0.5272572862251541, -0.15889638471764836], [-0.015257868917694817, 0.9988564929795464, -0.04530898520500326, -0.12852998079130992], [0.5283255470049979, -0.03041819061829426, -0.8484968189642446, -0.12605868120882083]], "85": [[-0.8558640971580348, -0.0368878504292111, -0.5158836438886867, -0.15391620291699928], [-0.01191769698256484, 0.998595066422584, -0.05163198488371118, -0.12809617065438778], [0.5170634545530282, -0.03804181706121651, -0.8551012831360254, -0.13788540554854462]], "86": [[-0.8628629527086569, -0.03579226103677931, -0.5041690555199245, -0.14847510752245008], [-0.008594230523234936, 0.9983842729935388, -0.056169229228378525, -0.1277441022150353], [0.5053648797965195, -0.04413340271725902, -0.8617764089330965, -0.14997582048471816]], "87": [[-0.8704420219749872, -0.035227974172784865, -0.4910088351832854, -0.14223198734279657], [-0.006686608025328222, 0.998190228861777, -0.059762498941350495, -0.12770989000914462], [0.4922255333333477, -0.048736606794639925, -0.8691022767795964, -0.1625023929196532]], "88": [[-0.8785663457221519, -0.03470152993554616, -0.4763580374824267, -0.13509162914769274], [-0.00531367481055306, 0.9980055586774739, -0.06290206430056211, -0.12797487649241032], [0.47759076720092625, -0.05273242510525378, -0.87699848935525, -0.17540067993693642]], "89": [[-0.8859172351284266, -0.035097391169113284, -0.4625135943000393, -0.12760498951695973], [-0.004936285578512778, 0.9977901037510042, -0.06626116387939157, -0.1286244731502024], [0.46381708126586824, -0.05641880817079775, -0.8841327007784603, -0.18740181657381133]], "90": [[-0.8925106659153099, -0.0364967405711545, -0.449547218594923, -0.11960467052527432], [-0.005551890809681104, 0.9975341451273447, -0.06996289147225027, -0.1296408316418493], [0.4509921177712951, -0.05994678886536059, -0.8905124897767738, -0.19865923281072356]], "91": [[-0.898114542426823, -0.03956719786607203, -0.43797797309291453, -0.11109017063928917], [-0.007861277857285853, 0.9972294788211644, -0.07397003982365702, -0.13102244605717905], [0.4396913330739862, -0.06299050214878399, -0.8959373458699962, -0.2094567698882822]], "92": [[-0.9029234251705092, -0.04410903896015647, -0.4275320767504392, -0.10258470383342275], [-0.011797746944886722, 0.996888701900446, -0.07793412967018881, -0.1325807868454031], [0.4296394967806332, -0.06532463759013635, -0.9006345489823184, -0.2193618279727141]], "93": [[-0.9074356373668879, -0.049106650164778665, -0.4173117561306524, -0.09392630471255871], [-0.01636513175062232, 0.996524309815884, -0.08167914381038882, -0.13423335196893788], [0.41987229885567423, -0.06728920374457731, -0.9050853089358097, -0.22877902095774533]], "94": [[-0.9114938343228279, -0.053948162511320896, -0.4077604514114742, -0.08504322561357679], [-0.020920886347009726, 0.9961587709147677, -0.0850295221757062, -0.13595512718670402], [0.41078133658716404, -0.06897317514420997, -0.9091212210738835, -0.23796746955141]], "95": [[-0.9149913595624977, -0.0605369593840195, -0.3989061181856326, -0.0761453677249192], [-0.02750458131897257, 0.9957387278954942, -0.08802206635138293, -0.13764946430606256], [0.4025348587971877, -0.06956768343943043, -0.9127573758404681, -0.24649140380767934]], "96": [[-0.9179574123778063, -0.06847654120648765, -0.3907238772928608, -0.06709613272929625], [-0.0358713157005541, 0.9952816703652899, -0.09015345109632772, -0.13908600704572316], [0.3950537099569238, -0.06874125060287378, -0.9160825307861074, -0.2545449356819387]], "97": [[-0.9206905118388651, -0.0759094202368898, -0.38284035859404736, -0.057823303895728914], [-0.04411622402373622, 0.9948581139502928, -0.09116518915849747, -0.14009630548180688], [0.387792133808899, -0.06704545406151269, -0.9193052632547437, -0.26215215949475973]], "98": [[-0.9228998022336729, -0.08246126583995463, -0.37610649612708424, -0.04902588263419366], [-0.05173283344683097, 0.9944971190376843, -0.09109991452916094, -0.14052140334577246], [0.38154904102895015, -0.06461903774875793, -0.9220871492223827, -0.2685538582471005]], "99": [[-0.9239222465650963, -0.08893066959079403, -0.37210081408453954, -0.04097152814215327], [-0.05958323716245728, 0.9941883330468604, -0.08966267853581472, -0.14023333078119066], [0.3779120502491507, -0.060670373214666284, -0.9238514956233296, -0.2739181267124281]], "100": [[-0.9232031946438508, -0.09479741643156922, -0.37243699088640825, -0.033992819622102134], [-0.06728092729047908, 0.9940009504046279, -0.08622869333569344, -0.13902679965650996], [0.3783769802069751, -0.05454869871805029, -0.9240429108718311, -0.2784713514320746]], "101": [[-0.9205767700851791, -0.09806799437999385, -0.378049043326777, -0.02888164159075666], [-0.0728921158072742, 0.9940957636833415, -0.08037631568595116, -0.1369132021026775], [0.3836992964942692, -0.04643577433204438, -0.9222898508571723, -0.28215972148826196]], "102": [[-0.915554045769192, -0.0985239795312457, -0.38994078390440234, -0.025725065044061822], [-0.0767487670083207, 0.9945137957392375, -0.07107697853544381, -0.13373219143038884], [0.3948042758806931, -0.035147340812271, -0.9180927231880303, -0.2852947524532232]], "103": [[-0.9067470549541601, -0.09631122329644383, -0.41052883430903253, -0.02487741497021034], [-0.08064656722284366, 0.9952046795398297, -0.055351392379826225, -0.12884364977825521], [0.4138911774557403, -0.01708197174335524, -0.9101660821027526, -0.28795021277628674]], "104": [[-0.8946712025307885, -0.09016186905266897, -0.4375320267359535, -0.026325010873164283], [-0.08365857363373388, 0.995908800562181, -0.03415997251990721, -0.12268942643818959], [0.4388219230503026, 0.00604136082542428, -0.8985537378278226, -0.2895837405331754]], "105": [[-0.8809895822541943, -0.08011274451634152, -0.4663038727521871, -0.02904110657717219], [-0.08624300068441015, 0.9962402318481283, -0.008218576026290947, -0.11541226394276667], [0.46520909111278336, 0.03297496460773758, -0.8845864294262109, -0.29036400074793184]], "106": [[-0.8657614556486897, -0.06824470317114673, -0.49578197325104706, -0.032524149245441995], [-0.09110673573335332, 0.9955969651834504, 0.02205098439156583, -0.10690211458903916], [0.49209416493929364, 0.06425997033975972, -0.8681670296644215, -0.29032781189787127]], "107": [[-0.8517803388063051, -0.05478715065018387, -0.5210265075117954, -0.03578070364990932], [-0.09558262213499985, 0.9940764322136293, 0.05173015714350748, -0.09851058300348532], [0.5151060238156835, 0.09386381028015112, -0.8519714598612909, -0.28955189543428916]], "108": [[-0.837701744326155, -0.042475336877363434, -0.5444737199272881, -0.03903856581715221], [-0.10267143071528845, 0.99144277981238, 0.08062128452547646, -0.08995667640019617], [0.5363901222804421, 0.12343848605557911, -0.8348943498331296, -0.28819216791787927]], "109": [[-0.8237024656358564, -0.02976023755829526, -0.5662407438162924, -0.04211467043785379], [-0.11001231314200338, 0.9880337351251102, 0.10810471556505968, -0.08150523340192271], [0.5562477349032809, 0.1513395756871702, -0.8171198159392212, -0.2862017484282527]], "110": [[-0.8102943930485768, -0.01781111182574388, -0.585752303325831, -0.044872318251676424], [-0.11670260916306774, 0.9844220275693261, 0.13150578940760593, -0.07393281863289415], [0.5742852057743255, 0.1749172259226977, -0.7997502525591438, -0.2837491508094208]], "111": [[-0.7967914706374122, -0.00666286131360716, -0.6042176431223478, -0.047613624450747113], [-0.12384731329139004, 0.9805118223023883, 0.15250707997663654, -0.06674576272957866], [0.5914264087263357, 0.19634707265925755, -0.7820886341685669, -0.2811271558319299]], "112": [[-0.7811980408153022, 0.0035965741275313726, -0.6242729263349841, -0.05077759483707922], [-0.1335226776181639, 0.9758807997421743, 0.1727088860455238, -0.059394766957292455], [0.609837122881491, 0.21827443628715715, -0.7618759445306971, -0.27823888390942225]], "113": [[-0.7655978453911962, 0.01347091371678049, -0.6431784126578223, -0.05391917620368352], [-0.14396175003187228, 0.9708385873082278, 0.19169624855668121, -0.05229535367808222], [0.6270047452906905, 0.239355324101109, -0.7413326346628251, -0.2753848384447449]], "114": [[-0.7509344872514976, 0.02332857417565097, -0.6599645258078894, -0.05665591400274908], [-0.15449254431096499, 0.965436693480638, 0.2099143748082171, -0.04543963795575427], [0.6420509725961758, 0.2595915425139124, -0.7213756174342194, -0.2724729486169516]], "115": [[-0.7387256483783333, 0.03346597335515643, -0.6731748985565538, -0.058653626938246745], [-0.16291269930045854, 0.9602864529961652, 0.22651574015452802, -0.03915600534289118], [0.6540213053465198, 0.2770017266555135, -0.7039362006598027, -0.26981551500172]], "116": [[-0.7277507680586222, 0.04228255704511034, -0.6845370751824242, -0.060313325249031366], [-0.17005271323233878, 0.955806189065949, 0.23982619498438096, -0.03400373908752802], [0.6644252377823521, 0.29094108494832527, -0.68839842444461, -0.26739232668531926]], "117": [[-0.7173972025546058, 0.049718852656049514, -0.694887967889724, -0.06168715021776944], [-0.17669194816090789, 0.9518507008276017, 0.25051985690396855, -0.02981962971911889], [0.673885159144708, 0.30250335307179216, -0.6740701092257073, -0.26493098984759567]], "118": [[-0.7069125105848723, 0.05502335500037806, -0.7051575249152706, -0.0628546887840614], [-0.18374741053635202, 0.9484530816695631, 0.2582123953471155, -0.026550604850710743], [0.6830165397808915, 0.3121044422286269, -0.6603629499441117, -0.2621811244712781]], "119": [[-0.6953944968411415, 0.05846008956125805, -0.7162464052664863, -0.06414607916632664], [-0.1917261308416881, 0.9454665959693082, 0.26331351414781956, -0.02410204956914186], [0.6925803822306874, 0.32042992090553174, -0.6462639408856558, -0.2590918308695518]], "120": [[-0.6820724747951183, 0.061827948764529586, -0.7286662092068966, -0.06576058505276133], [-0.20033431108703414, 0.9425029819398971, 0.26749634178096715, -0.02204706677955215], [0.7033088251094834, 0.32842873495571295, -0.6304690818240744, -0.2554715604698268]], "121": [[-0.6699002796218978, 0.06482849055512682, -0.739615360160794, -0.06723352252768097], [-0.20802620900868252, 0.939889369896342, 0.2708007914621152, -0.020347597329832684], [0.7127122214235944, 0.3352689052466255, -0.6161461266808415, -0.25194976433652694]], "122": [[-0.6589332531972885, 0.0659498507784666, -0.7493047329270833, -0.06875519409701807], [-0.21481791608347023, 0.938163644087447, 0.27148156423428665, -0.019238642609589574], [0.7208746275095845, 0.33985231122167275, -0.6040200127042576, -0.2489054359781981]], "123": [[-0.6498723477073947, 0.06467056683461593, -0.7572870320247589, -0.07013995785631544], [-0.22041125983935034, 0.9375206140260843, 0.2692099083955768, -0.01872102076092655], [0.7273821606543104, 0.34186666389787784, -0.5950146014000959, -0.24634620474345287]], "124": [[-0.6424128097239972, 0.06165176629364993, -0.7638748852507536, -0.07154119435034689], [-0.2246890097053692, 0.937803099287529, 0.2646510831425569, -0.01865651924461212], [0.7326804416345902, 0.34164953723635827, -0.5886042497739126, -0.24420711374939857]], "125": [[-0.6348853548972809, 0.05913679199619303, -0.7703398114731751, -0.0733388061490384], [-0.22821627444616732, 0.938221254424567, 0.2601119177855578, -0.01864807608191847], [0.7381313686648544, 0.3409453289477569, -0.5821669558046099, -0.24224765302731313]], "126": [[-0.6309786610445319, 0.057072956110969596, -0.7736980070690204, -0.07472936072568574], [-0.23005615075255165, 0.9386673855977966, 0.25686125956277567, -0.018520101277631637], [0.7409049169660084, 0.34006795886074825, -0.5791491056065038, -0.24094297631847192]], "127": [[-0.6341793629935276, 0.052818405158808056, -0.7713797718041513, -0.07508894854803055], [-0.230664812189582, 0.9393086130767311, 0.25395486579693527, -0.018339568812100915], [0.7379771545726685, 0.3389831053165604, -0.5835067903285683, -0.24089593058009598]], "128": [[-0.6420774083218972, 0.047361884997986776, -0.7651754421930633, -0.07477170492283434], [-0.22916353148284824, 0.9405984528073073, 0.2505167193012864, -0.01845842320091981], [0.731587780944695, 0.3362014329732505, -0.5930833997054461, -0.2419389806598008]], "129": [[-0.6495595501568655, 0.04260511035102795, -0.7591160608807952, -0.07467313555867662], [-0.2254096464230499, 0.9427501678902308, 0.24578977226259913, -0.019175425638458796], [0.7261286942771059, 0.33076717655241034, -0.6027687722334978, -0.2431539806737322]], "130": [[-0.6560524324761422, 0.03779111984923015, -0.753768555735901, -0.07467181524266152], [-0.22140015424263965, 0.9451670963063332, 0.2400856756790941, -0.020517664408862338], [0.7215103437199188, 0.3243932657998303, -0.6117122129952064, -0.24391568164657415]], "131": [[-0.6613964526888584, 0.030802004116415482, -0.7494037422341258, -0.07463486423896051], [-0.2213881934813543, 0.9466214066148517, 0.23429720511153018, -0.02212254106343972], [0.7166184480741111, 0.32087248101084254, -0.6192728403308858, -0.24405994541762904]], "132": [[-0.6644208623943563, 0.022252063617884954, -0.7470272840798063, -0.07494314000207859], [-0.2259546330916229, 0.9467972586412028, 0.22917123468251932, -0.023735299424348058], [0.7123829175959093, 0.321060425247798, -0.624043894239454, -0.24356979702432016]], "133": [[-0.6662871127827704, 0.013555266218386854, -0.7455720863872166, -0.0754110491358128], [-0.23271442785965318, 0.9461199871274331, 0.2251687475666413, -0.025330878430705833], [0.7084528751889343, 0.32353241587318204, -0.6272330487349942, -0.24236757755015698]], "134": [[-0.6666850605471071, 0.006556160509922089, -0.7453107043510575, -0.07610578439281875], [-0.23918769410224788, 0.9451907782934579, 0.22226929514579422, -0.02693973967387775], [0.705918037927906, 0.32645276712728877, -0.628576418410879, -0.24064168265187222]], "135": [[-0.6655185013969479, 0.002491675965618903, -0.7463771951328659, -0.07705168786284476], [-0.24357180355289748, 0.9445232143897457, 0.22033763660183042, -0.02876343716834588], [0.7055195974137969, 0.3284352135181696, -0.6279907720259008, -0.2386479890707521]], "136": [[-0.663956299453672, 0.0005751570582377755, -0.7477711574479677, -0.07796367355128422], [-0.24622982324903991, 0.9440621737231489, 0.21935698405006618, -0.03088251888195863], [0.7060686289564091, 0.3297670116946448, -0.6266744062920722, -0.23671966419094614]], "137": [[-0.6629608256881854, -0.003462725331212453, -0.7486460795954477, -0.07868303182750563], [-0.25157418043920926, 0.9428697359669831, 0.21841953366784125, -0.03290336813381127], [0.7051194045794763, 0.3331436181955535, -0.6259568310178902, -0.23522903105022808]], "138": [[-0.6627829081440092, -0.008831603629386148, -0.748759520195968, -0.07928446875676502], [-0.2586821798730149, 0.9410697492132156, 0.21787899601689437, -0.03488647174919117], [0.7027107129773826, 0.3380972194295621, -0.6260095236610907, -0.23407327059172756]], "139": [[-0.6620349645385144, -0.013538526253286026, -0.7493506639518965, -0.08006759707802358], [-0.2656290015978255, 0.9391718966278408, 0.21770939886512805, -0.037069194737945635], [0.7008216197206567, 0.343180503433902, -0.6253608581782636, -0.23301319670498527]], "140": [[-0.6611981494745507, -0.01765255626105207, -0.750003596889969, -0.08088765871895456], [-0.2718455393017432, 0.9374182918356979, 0.21759354072400194, -0.039348273506983514], [0.6992260084011213, 0.34775757889110137, -0.6246180084375432, -0.23227527123670688]], "141": [[-0.6608675204519632, -0.02258763370243603, -0.7501625950146632, -0.08161891534177952], [-0.27878459395719934, 0.9354152007510728, 0.217434018398023, -0.04166192997978099], [0.6968021744620195, 0.35282885501342415, -0.6244826086261277, -0.23207919322859272]], "142": [[-0.6614635436484075, -0.028216229607050433, -0.7494463456736016, -0.08215323439958189], [-0.2859248596129633, 0.9333073491190562, 0.21721962791912744, -0.043988189519960696], [0.6933346632797178, 0.3579682060437349, -0.6254165079302686, -0.23247861423023097]], "143": [[-0.6632482261662167, -0.03453496933210723, -0.7476022513622789, -0.08238417577387919], [-0.29245877932908587, 0.9314640431412415, 0.2164315104546215, -0.04652858781565854], [0.6888901601461517, 0.3621906572311506, -0.6278919293381523, -0.23345567955892582]], "144": [[-0.6655357933063796, -0.04139978883332815, -0.7452168576042448, -0.08234997927961688], [-0.2978127782798587, 0.930262009728354, 0.21428985583542334, -0.0492603711410355], [0.6